GRIDCODE	PARAM	VALUE	n	QE	Unit	Months	Mean	Resp	DepthLimit	PoorBad	ModPoor	GoodMod	HiGood	EutRatio	EutClass	EutClass1
100kmE58N22	Chla_ug	1.6067259032255	4	2	µg/L	3,4,5	geometric	+	10	4	2	1	0.5	1.6067259032255	3	3
100kmE58N22	DO_mg	4.308	5	3	mg/l	5,6,7,8,9,10	arithmetic	-	9999	1	2	4	8	0.928505106778087	2	2
100kmE58N22	NO23N_ug	16.854086276695	8	1	µg/L	12,1,2	geometric	+	10	40	20	10	5	1.6854086276695	3	3
100kmE58N22	Secchi_m	7.88695652173913	46	3	m	3,4,5,6,7,8	arithmetic	-	9999	3	5	9	14	1.14112458654906	3	3
100kmE58N22	TP_ug	3.36977013115571	7	1	µg/L	12,1,2	geometric	+	10	16	11	7	5	0.481395733022245	1	1
100kmE59N22	DO_mg	5	2	3	mg/l	5,6,7,8,9,10	arithmetic	-	9999	1	2	4	8	0.8	2	2
100kmE59N22	NO23N_ug	9.48599098574049	4	1	µg/L	12,1,2	geometric	+	10	40	20	10	5	0.948599098574049	2	2
100kmE59N22	Secchi_m	12.8421052631579	19	3	m	3,4,5,6,7,8	arithmetic	-	9999	3	5	9	14	0.700819672131147	2	2
100kmE59N22	TP_ug	5.98639713308478	4	1	µg/L	12,1,2	geometric	+	10	16	11	7	5	0.855199590440683	2	2
100kmE65N18	DO_mg	7.21	1	3	mg/l	5,6,7,8,9,10	arithmetic	-	9999	1	2	4	8	0.554785020804438	2	2
100kmE65N18	Secchi_m	28	1	3	m	3,4,5,6,7,8	arithmetic	-	9999	3	5	9	14	0.321428571428571	1	1
100kmE66N18	DO_mg	6.39	1	3	mg/l	5,6,7,8,9,10	arithmetic	-	9999	1	2	4	8	0.625978090766823	2	2
100kmE66N18	Secchi_m	19	1	3	m	3,4,5,6,7,8	arithmetic	-	9999	3	5	9	14	0.473684210526316	1	1
100kmE67N25	DO_mg	4.745	2	3	mg/l	5,6,7,8,9,10	arithmetic	-	9999	1	2	4	8	0.842992623814542	2	2
100kmE67N25	NO23N_ug	2.48756327552983	4	1	µg/L	12,1,2	geometric	+	10	40	20	10	5	0.248756327552983	1	1
100kmE67N25	Secchi_m	12.8	15	3	m	3,4,5,6,7,8	arithmetic	-	9999	3	5	9	14	0.703125	2	2
100kmE67N25	TP_ug	2.42866104491125	4	1	µg/L	12,1,2	geometric	+	10	16	11	7	5	0.346951577844465	1	1
20kmE566N208	DO_mg	6.765	2	3	mg/l	5,6,7,8,9,10	arithmetic	-	9999	1	2	4	8	0.591278640059128	2	2
20kmE566N208	Secchi_m	6.03333333333333	3	3	m	3,4,5,6,7,8	arithmetic	-	9999	3	5	9	14	1.49171270718232	3	3
20kmE566N210	DO_mg	7.72	1	3	mg/l	5,6,7,8,9,10	arithmetic	-	9999	1	2	4	8	0.518134715025907	2	2
20kmE566N210	Secchi_m	1.875	2	3	m	3,4,5,6,7,8	arithmetic	-	9999	3	5	9	14	4.8	5	4
20kmE568N194	Secchi_m	25	1	3	m	3,4,5,6,7,8	arithmetic	-	9999	3	5	9	14	0.36	1	1
20kmE568N198	DO_mg	7.09	1	3	mg/l	5,6,7,8,9,10	arithmetic	-	9999	1	2	4	8	0.564174894217207	2	2
20kmE568N198	Secchi_m	16.5	2	3	m	3,4,5,6,7,8	arithmetic	-	9999	3	5	9	14	0.545454545454546	1	2
20kmE568N200	DO_mg	7.54	1	3	mg/l	5,6,7,8,9,10	arithmetic	-	9999	1	2	4	8	0.530503978779841	2	2
20kmE568N200	Secchi_m	18	2	3	m	3,4,5,6,7,8	arithmetic	-	9999	3	5	9	14	0.5	1	1
20kmE568N202	DO_mg	7.795	2	3	mg/l	5,6,7,8,9,10	arithmetic	-	9999	1	2	4	8	0.513149454778704	2	2
20kmE568N202	Secchi_m	13.5	4	3	m	3,4,5,6,7,8	arithmetic	-	9999	3	5	9	14	0.666666666666667	2	2
20kmE568N204	DO_mg	6.79	1	3	mg/l	5,6,7,8,9,10	arithmetic	-	9999	1	2	4	8	0.589101620029455	2	2
20kmE568N204	Secchi_m	15	1	3	m	3,4,5,6,7,8	arithmetic	-	9999	3	5	9	14	0.6	1	2
20kmE568N206	DO_mg	6.23	1	3	mg/l	5,6,7,8,9,10	arithmetic	-	9999	1	2	4	8	0.642054574638844	2	2
20kmE568N206	Secchi_m	13.25	2	3	m	3,4,5,6,7,8	arithmetic	-	9999	3	5	9	14	0.679245283018868	2	2
20kmE570N196	Secchi_m	24	1	3	m	3,4,5,6,7,8	arithmetic	-	9999	3	5	9	14	0.375	1	1
20kmE570N204	Secchi_m	10	1	3	m	3,4,5,6,7,8	arithmetic	-	9999	3	5	9	14	0.9	2	2
20kmE570N208	DO_mg	7.04	1	3	mg/l	5,6,7,8,9,10	arithmetic	-	9999	1	2	4	8	0.568181818181818	2	2
20kmE570N208	Secchi_m	21	1	3	m	3,4,5,6,7,8	arithmetic	-	9999	3	5	9	14	0.428571428571429	1	1
20kmE572N188	Chla_ug	0.1	1	2	µg/L	3,4,5	geometric	+	10	4	2	1	0.5	0.1	1	1
20kmE572N188	DO_mg	6.87	1	3	mg/l	5,6,7,8,9,10	arithmetic	-	9999	1	2	4	8	0.582241630276565	2	2
20kmE572N188	Secchi_m	29	2	3	m	3,4,5,6,7,8	arithmetic	-	9999	3	5	9	14	0.310344827586207	1	1
20kmE572N196	Chla_ug	0.447213595499958	2	2	µg/L	3,4,5	geometric	+	10	4	2	1	0.5	0.447213595499958	1	1
20kmE572N196	DO_mg	6.82333333333333	3	3	mg/l	5,6,7,8,9,10	arithmetic	-	9999	1	2	4	8	0.586223742061553	2	2
20kmE572N196	Secchi_m	21.4	5	3	m	3,4,5,6,7,8	arithmetic	-	9999	3	5	9	14	0.420560747663551	1	1
20kmE572N206	DO_mg	6.83	1	3	mg/l	5,6,7,8,9,10	arithmetic	-	9999	1	2	4	8	0.585651537335286	2	2
20kmE572N206	Secchi_m	8.5	1	3	m	3,4,5,6,7,8	arithmetic	-	9999	3	5	9	14	1.05882352941176	3	3
20kmE572N210	DO_mg	7.1	1	3	mg/l	5,6,7,8,9,10	arithmetic	-	9999	1	2	4	8	0.563380281690141	2	2
20kmE572N210	Secchi_m	12.5	2	3	m	3,4,5,6,7,8	arithmetic	-	9999	3	5	9	14	0.72	2	2
20kmE574N182	DO_mg	6.52	1	3	mg/l	5,6,7,8,9,10	arithmetic	-	9999	1	2	4	8	0.613496932515337	2	2
20kmE574N182	Secchi_m	28	1	3	m	3,4,5,6,7,8	arithmetic	-	9999	3	5	9	14	0.321428571428571	1	1
20kmE574N184	Chla_ug	0.416016764610381	3	2	µg/L	3,4,5	geometric	+	10	4	2	1	0.5	0.416016764610381	1	1
20kmE574N184	DO_mg	6.545	4	3	mg/l	5,6,7,8,9,10	arithmetic	-	9999	1	2	4	8	0.611153552330023	2	2
20kmE574N184	Secchi_m	13.875	8	3	m	3,4,5,6,7,8	arithmetic	-	9999	3	5	9	14	0.648648648648649	2	2
20kmE574N188	DO_mg	6.64	1	3	mg/l	5,6,7,8,9,10	arithmetic	-	9999	1	2	4	8	0.602409638554217	2	2
20kmE574N188	Secchi_m	20.5	2	3	m	3,4,5,6,7,8	arithmetic	-	9999	3	5	9	14	0.439024390243902	1	1
20kmE574N210	Secchi_m	0.75	1	3	m	3,4,5,6,7,8	arithmetic	-	9999	3	5	9	14	12	5	5
20kmE576N186	Chla_ug	0.5	1	2	µg/L	3,4,5	geometric	+	10	4	2	1	0.5	0.5	1	1
20kmE576N186	Secchi_m	13	2	3	m	3,4,5,6,7,8	arithmetic	-	9999	3	5	9	14	0.692307692307692	2	2
20kmE576N188	Chla_ug	0.244948974278318	2	2	µg/L	3,4,5	geometric	+	10	4	2	1	0.5	0.244948974278318	1	1
20kmE576N188	DO_mg	5.86	1	3	mg/l	5,6,7,8,9,10	arithmetic	-	9999	1	2	4	8	0.68259385665529	2	2
20kmE576N188	Secchi_m	19	2	3	m	3,4,5,6,7,8	arithmetic	-	9999	3	5	9	14	0.473684210526316	1	1
20kmE576N192	Chla_ug	0.366284150148471	4	2	µg/L	3,4,5	geometric	+	10	4	2	1	0.5	0.366284150148471	1	1
20kmE576N192	DO_mg	7.19	2	3	mg/l	5,6,7,8,9,10	arithmetic	-	9999	1	2	4	8	0.556328233657858	2	2
20kmE576N192	Secchi_m	15.75	4	3	m	3,4,5,6,7,8	arithmetic	-	9999	3	5	9	14	0.571428571428571	1	2
20kmE576N196	Chla_ug	0.2	1	2	µg/L	3,4,5	geometric	+	10	4	2	1	0.5	0.2	1	1
20kmE576N196	Secchi_m	26	1	3	m	3,4,5,6,7,8	arithmetic	-	9999	3	5	9	14	0.346153846153846	1	1
20kmE576N198	Chla_ug	0.282842712474619	2	2	µg/L	3,4,5	geometric	+	10	4	2	1	0.5	0.282842712474619	1	1
20kmE576N198	DO_mg	7.06333333333333	3	3	mg/l	5,6,7,8,9,10	arithmetic	-	9999	1	2	4	8	0.566304860783388	2	2
20kmE576N198	Secchi_m	11.7	5	3	m	3,4,5,6,7,8	arithmetic	-	9999	3	5	9	14	0.769230769230769	2	2
20kmE578N182	Chla_ug	0.2	1	2	µg/L	3,4,5	geometric	+	10	4	2	1	0.5	0.2	1	1
20kmE578N182	DO_mg	6.82	1	3	mg/l	5,6,7,8,9,10	arithmetic	-	9999	1	2	4	8	0.586510263929619	2	2
20kmE578N182	Secchi_m	17.6666666666667	3	3	m	3,4,5,6,7,8	arithmetic	-	9999	3	5	9	14	0.509433962264151	1	2
20kmE578N184	Chla_ug	0.4	1	2	µg/L	3,4,5	geometric	+	10	4	2	1	0.5	0.4	1	1
20kmE578N184	DO_mg	7.32	2	3	mg/l	5,6,7,8,9,10	arithmetic	-	9999	1	2	4	8	0.546448087431694	2	2
20kmE578N184	Secchi_m	19	3	3	m	3,4,5,6,7,8	arithmetic	-	9999	3	5	9	14	0.473684210526316	1	1
20kmE578N186	Chla_ug	3.5301391044437	6	2	µg/L	3,4,5	geometric	+	10	4	2	1	0.5	3.5301391044437	4	4
20kmE578N186	DO_mg	6.475	2	3	mg/l	5,6,7,8,9,10	arithmetic	-	9999	1	2	4	8	0.617760617760618	2	2
20kmE578N186	Secchi_m	8.25	6	3	m	3,4,5,6,7,8	arithmetic	-	9999	3	5	9	14	1.09090909090909	3	3
20kmE578N188	Chla_ug	1.44913767461894	2	2	µg/L	3,4,5	geometric	+	10	4	2	1	0.5	1.44913767461894	3	3
20kmE578N188	Secchi_m	5	2	3	m	3,4,5,6,7,8	arithmetic	-	9999	3	5	9	14	1.8	3	3
20kmE578N190	Chla_ug	1.11245763081869	6	2	µg/L	3,4,5	geometric	+	10	4	2	1	0.5	1.11245763081869	3	3
20kmE578N190	DO_mg	6.92	3	3	mg/l	5,6,7,8,9,10	arithmetic	-	9999	1	2	4	8	0.578034682080925	2	2
20kmE578N190	Secchi_m	12.25	8	3	m	3,4,5,6,7,8	arithmetic	-	9999	3	5	9	14	0.73469387755102	2	2
20kmE578N192	Chla_ug	0.88227869244638	5	2	µg/L	3,4,5	geometric	+	10	4	2	1	0.5	0.88227869244638	2	2
20kmE578N192	DO_mg	7.295	2	3	mg/l	5,6,7,8,9,10	arithmetic	-	9999	1	2	4	8	0.548320767649075	2	2
20kmE578N192	Secchi_m	11.6666666666667	6	3	m	3,4,5,6,7,8	arithmetic	-	9999	3	5	9	14	0.771428571428571	2	2
20kmE580N182	Chla_ug	0.3	1	2	µg/L	3,4,5	geometric	+	10	4	2	1	0.5	0.3	1	1
20kmE580N182	DO_mg	7.11	1	3	mg/l	5,6,7,8,9,10	arithmetic	-	9999	1	2	4	8	0.562587904360056	2	2
20kmE580N182	Secchi_m	25.5	2	3	m	3,4,5,6,7,8	arithmetic	-	9999	3	5	9	14	0.352941176470588	1	1
20kmE580N186	DO_mg	3.885	2	3	mg/l	5,6,7,8,9,10	arithmetic	-	9999	1	2	4	8	1.02960102960103	3	3
20kmE580N186	Secchi_m	1.25	2	3	m	3,4,5,6,7,8	arithmetic	-	9999	3	5	9	14	7.2	5	5
20kmE580N226	NO23N_ug	40.759497	1	1	µg/L	12,1,2	geometric	+	10	40	20	10	5	4.0759497	5	4
20kmE580N226	Secchi_m	8.5	2	3	m	3,4,5,6,7,8	arithmetic	-	9999	3	5	9	14	1.05882352941176	3	3
20kmE580N226	TP_ug	13.9381929	1	1	µg/L	12,1,2	geometric	+	10	16	11	7	5	1.99117041428571	4	3
20kmE582N176	Chla_ug	0.621446501190772	6	2	µg/L	3,4,5	geometric	+	10	4	2	1	0.5	0.621446501190772	2	2
20kmE582N176	DO_mg	7.62	1	3	mg/l	5,6,7,8,9,10	arithmetic	-	9999	1	2	4	8	0.5249343832021	2	2
20kmE582N176	Secchi_m	5.375	6	3	m	3,4,5,6,7,8	arithmetic	-	9999	3	5	9	14	1.67441860465116	3	3
20kmE582N180	Chla_ug	0.5	1	2	µg/L	3,4,5	geometric	+	10	4	2	1	0.5	0.5	1	1
20kmE582N180	DO_mg	7.22	1	3	mg/l	5,6,7,8,9,10	arithmetic	-	9999	1	2	4	8	0.554016620498615	2	2
20kmE582N180	Secchi_m	14.5	2	3	m	3,4,5,6,7,8	arithmetic	-	9999	3	5	9	14	0.620689655172414	1	2
20kmE582N182	Chla_ug	0.391486764116886	3	2	µg/L	3,4,5	geometric	+	10	4	2	1	0.5	0.391486764116886	1	1
20kmE582N182	DO_mg	6.84	1	3	mg/l	5,6,7,8,9,10	arithmetic	-	9999	1	2	4	8	0.584795321637427	2	2
20kmE582N182	Secchi_m	6.625	4	3	m	3,4,5,6,7,8	arithmetic	-	9999	3	5	9	14	1.35849056603774	3	3
20kmE584N174	Chla_ug	0.793725393319377	2	2	µg/L	3,4,5	geometric	+	10	4	2	1	0.5	0.793725393319377	2	2
20kmE584N174	DO_mg	7.39	1	3	mg/l	5,6,7,8,9,10	arithmetic	-	9999	1	2	4	8	0.54127198917456	2	2
20kmE584N174	Secchi_m	16.5	2	3	m	3,4,5,6,7,8	arithmetic	-	9999	3	5	9	14	0.545454545454546	1	2
20kmE584N176	Chla_ug	0.330192724889463	3	2	µg/L	3,4,5	geometric	+	10	4	2	1	0.5	0.330192724889463	1	1
20kmE584N176	DO_mg	6.27	2	3	mg/l	5,6,7,8,9,10	arithmetic	-	9999	1	2	4	8	0.637958532695375	2	2
20kmE584N176	Secchi_m	11.5	4	3	m	3,4,5,6,7,8	arithmetic	-	9999	3	5	9	14	0.782608695652174	2	2
20kmE586N168	Chla_ug	0.2	1	2	µg/L	3,4,5	geometric	+	10	4	2	1	0.5	0.2	1	1
20kmE586N168	Secchi_m	24	1	3	m	3,4,5,6,7,8	arithmetic	-	9999	3	5	9	14	0.375	1	1
20kmE586N170	DO_mg	7.17	1	3	mg/l	5,6,7,8,9,10	arithmetic	-	9999	1	2	4	8	0.557880055788006	2	2
20kmE586N170	Secchi_m	33	1	3	m	3,4,5,6,7,8	arithmetic	-	9999	3	5	9	14	0.272727272727273	1	1
20kmE586N172	Chla_ug	0.422948505376226	4	2	µg/L	3,4,5	geometric	+	10	4	2	1	0.5	0.422948505376226	1	1
20kmE586N172	DO_mg	7.34666666666667	3	3	mg/l	5,6,7,8,9,10	arithmetic	-	9999	1	2	4	8	0.544464609800363	2	2
20kmE586N172	Secchi_m	16.25	6	3	m	3,4,5,6,7,8	arithmetic	-	9999	3	5	9	14	0.553846153846154	1	2
20kmE586N174	Chla_ug	1.61144637783105	5	2	µg/L	3,4,5	geometric	+	10	4	2	1	0.5	1.61144637783105	3	3
20kmE586N174	DO_mg	6.22333333333333	3	3	mg/l	5,6,7,8,9,10	arithmetic	-	9999	1	2	4	8	0.642742367434387	2	2
20kmE586N174	Secchi_m	10.2	5	3	m	3,4,5,6,7,8	arithmetic	-	9999	3	5	9	14	0.882352941176471	2	2
20kmE586N222	DO_mg	4.7	2	3	mg/l	5,6,7,8,9,10	arithmetic	-	9999	1	2	4	8	0.851063829787234	2	2
20kmE586N222	NO23N_ug	44.4361066124165	4	1	µg/L	12,1,2	geometric	+	10	40	20	10	5	4.44361066124165	5	4
20kmE586N222	Secchi_m	2.7	10	3	m	3,4,5,6,7,8	arithmetic	-	9999	3	5	9	14	3.33333333333333	5	4
20kmE586N222	TP_ug	3.30480019296276	4	1	µg/L	12,1,2	geometric	+	10	16	11	7	5	0.472114313280394	1	1
20kmE588N170	Chla_ug	0.1	1	2	µg/L	3,4,5	geometric	+	10	4	2	1	0.5	0.1	1	1
20kmE588N170	DO_mg	6.3	1	3	mg/l	5,6,7,8,9,10	arithmetic	-	9999	1	2	4	8	0.634920634920635	2	2
20kmE588N170	Secchi_m	24.5	2	3	m	3,4,5,6,7,8	arithmetic	-	9999	3	5	9	14	0.36734693877551	1	1
20kmE590N170	Chla_ug	0.2	1	2	µg/L	3,4,5	geometric	+	10	4	2	1	0.5	0.2	1	1
20kmE590N170	DO_mg	7	1	3	mg/l	5,6,7,8,9,10	arithmetic	-	9999	1	2	4	8	0.571428571428571	2	2
20kmE590N170	Secchi_m	22	2	3	m	3,4,5,6,7,8	arithmetic	-	9999	3	5	9	14	0.409090909090909	1	1
20kmE590N172	Chla_ug	0.1	1	2	µg/L	3,4,5	geometric	+	10	4	2	1	0.5	0.1	1	1
20kmE590N172	Secchi_m	24	2	3	m	3,4,5,6,7,8	arithmetic	-	9999	3	5	9	14	0.375	1	1
20kmE590N220	DO_mg	7.93	1	3	mg/l	5,6,7,8,9,10	arithmetic	-	9999	1	2	4	8	0.504413619167718	2	2
20kmE590N220	NO23N_ug	27.453132	1	1	µg/L	12,1,2	geometric	+	10	40	20	10	5	2.7453132	4	4
20kmE590N220	Secchi_m	10	4	3	m	3,4,5,6,7,8	arithmetic	-	9999	3	5	9	14	0.9	2	2
20kmE590N220	TP_ug	2.47790096	1	1	µg/L	12,1,2	geometric	+	10	16	11	7	5	0.353985851428571	1	1
20kmE592N168	Chla_ug	0.2	1	2	µg/L	3,4,5	geometric	+	10	4	2	1	0.5	0.2	1	1
20kmE592N168	DO_mg	6.81	1	3	mg/l	5,6,7,8,9,10	arithmetic	-	9999	1	2	4	8	0.587371512481645	2	2
20kmE592N168	Secchi_m	20	2	3	m	3,4,5,6,7,8	arithmetic	-	9999	3	5	9	14	0.45	1	1
20kmE592N172	DO_mg	7.47	1	3	mg/l	5,6,7,8,9,10	arithmetic	-	9999	1	2	4	8	0.535475234270415	2	2
20kmE592N172	Secchi_m	17	1	3	m	3,4,5,6,7,8	arithmetic	-	9999	3	5	9	14	0.529411764705882	1	2
20kmE592N174	Chla_ug	0.1	1	2	µg/L	3,4,5	geometric	+	10	4	2	1	0.5	0.1	1	1
20kmE592N174	Secchi_m	15	1	3	m	3,4,5,6,7,8	arithmetic	-	9999	3	5	9	14	0.6	1	2
20kmE594N170	DO_mg	7.14	1	3	mg/l	5,6,7,8,9,10	arithmetic	-	9999	1	2	4	8	0.560224089635854	2	2
20kmE594N170	Secchi_m	23.5	1	3	m	3,4,5,6,7,8	arithmetic	-	9999	3	5	9	14	0.382978723404255	1	1
20kmE594N172	DO_mg	6.685	2	3	mg/l	5,6,7,8,9,10	arithmetic	-	9999	1	2	4	8	0.598354525056096	2	2
20kmE594N172	Secchi_m	17	2	3	m	3,4,5,6,7,8	arithmetic	-	9999	3	5	9	14	0.529411764705882	1	2
20kmE594N222	DO_mg	9.07	1	3	mg/l	5,6,7,8,9,10	arithmetic	-	9999	1	2	4	8	0.441014332965821	1	1
20kmE594N222	NO23N_ug	52.366329117234	2	1	µg/L	12,1,2	geometric	+	10	40	20	10	5	5.2366329117234	5	5
20kmE594N222	Secchi_m	14.25	6	3	m	3,4,5,6,7,8	arithmetic	-	9999	3	5	9	14	0.631578947368421	1	2
20kmE594N222	TP_ug	9.69632122912598	2	1	µg/L	12,1,2	geometric	+	10	16	11	7	5	1.385188747018	3	3
20kmE596N170	DO_mg	7.12	1	3	mg/l	5,6,7,8,9,10	arithmetic	-	9999	1	2	4	8	0.561797752808989	2	2
20kmE596N170	Secchi_m	30	1	3	m	3,4,5,6,7,8	arithmetic	-	9999	3	5	9	14	0.3	1	1
20kmE596N172	DO_mg	7.4	1	3	mg/l	5,6,7,8,9,10	arithmetic	-	9999	1	2	4	8	0.54054054054054	2	2
20kmE596N172	Secchi_m	27	1	3	m	3,4,5,6,7,8	arithmetic	-	9999	3	5	9	14	0.333333333333333	1	1
20kmE598N170	DO_mg	7.195	2	3	mg/l	5,6,7,8,9,10	arithmetic	-	9999	1	2	4	8	0.555941626129256	2	2
20kmE598N170	Secchi_m	16	3	3	m	3,4,5,6,7,8	arithmetic	-	9999	3	5	9	14	0.5625	1	2
20kmE600N170	DO_mg	6.45	2	3	mg/l	5,6,7,8,9,10	arithmetic	-	9999	1	2	4	8	0.62015503875969	2	2
20kmE600N170	Secchi_m	24	2	3	m	3,4,5,6,7,8	arithmetic	-	9999	3	5	9	14	0.375	1	1
20kmE602N224	DO_mg	4.56	2	3	mg/l	5,6,7,8,9,10	arithmetic	-	9999	1	2	4	8	0.87719298245614	2	2
20kmE602N224	NO23N_ug	47.5272257960623	7	1	µg/L	12,1,2	geometric	+	10	40	20	10	5	4.75272257960623	5	4
20kmE602N224	Secchi_m	5.97777777777778	18	3	m	3,4,5,6,7,8	arithmetic	-	9999	3	5	9	14	1.50557620817844	3	3
20kmE602N224	TP_ug	8.17938532444811	7	1	µg/L	12,1,2	geometric	+	10	16	11	7	5	1.1684836177783	3	3
20kmE604N168	DO_mg	7.6	1	3	mg/l	5,6,7,8,9,10	arithmetic	-	9999	1	2	4	8	0.526315789473684	2	2
20kmE604N168	Secchi_m	15	1	3	m	3,4,5,6,7,8	arithmetic	-	9999	3	5	9	14	0.6	1	2
20kmE606N168	DO_mg	6.97	1	3	mg/l	5,6,7,8,9,10	arithmetic	-	9999	1	2	4	8	0.573888091822095	2	2
20kmE606N168	Secchi_m	26.5	1	3	m	3,4,5,6,7,8	arithmetic	-	9999	3	5	9	14	0.339622641509434	1	1
20kmE608N166	DO_mg	6.42	1	3	mg/l	5,6,7,8,9,10	arithmetic	-	9999	1	2	4	8	0.623052959501558	2	2
20kmE608N166	Secchi_m	27.5	1	3	m	3,4,5,6,7,8	arithmetic	-	9999	3	5	9	14	0.327272727272727	1	1
20kmE608N168	DO_mg	7.31	1	3	mg/l	5,6,7,8,9,10	arithmetic	-	9999	1	2	4	8	0.547195622435021	2	2
20kmE608N168	Secchi_m	21.5	1	3	m	3,4,5,6,7,8	arithmetic	-	9999	3	5	9	14	0.418604651162791	1	1
20kmE608N226	DO_mg	6.94	4	3	mg/l	5,6,7,8,9,10	arithmetic	-	9999	1	2	4	8	0.576368876080692	2	2
20kmE608N226	NO23N_ug	24.1469297437187	7	1	µg/L	12,1,2	geometric	+	10	40	20	10	5	2.41469297437187	4	4
20kmE608N226	Secchi_m	4.37	20	3	m	3,4,5,6,7,8	arithmetic	-	9999	3	5	9	14	2.05949656750572	4	4
20kmE608N226	TP_ug	14.2487205917335	7	1	µg/L	12,1,2	geometric	+	10	16	11	7	5	2.03553151310478	4	4
20kmE610N170	DO_mg	6.45	1	3	mg/l	5,6,7,8,9,10	arithmetic	-	9999	1	2	4	8	0.62015503875969	2	2
20kmE610N170	Secchi_m	15	1	3	m	3,4,5,6,7,8	arithmetic	-	9999	3	5	9	14	0.6	1	2
20kmE610N230	DO_mg	3.635	2	3	mg/l	5,6,7,8,9,10	arithmetic	-	9999	1	2	4	8	1.10041265474553	3	3
20kmE610N230	NO23N_ug	19.7692991841054	4	1	µg/L	12,1,2	geometric	+	10	40	20	10	5	1.97692991841054	3	3
20kmE610N230	Secchi_m	10.5714285714286	14	3	m	3,4,5,6,7,8	arithmetic	-	9999	3	5	9	14	0.851351351351351	2	2
20kmE610N230	TP_ug	12.2965096463788	4	1	µg/L	12,1,2	geometric	+	10	16	11	7	5	1.75664423519698	4	3
20kmE612N170	DO_mg	7.62	1	3	mg/l	5,6,7,8,9,10	arithmetic	-	9999	1	2	4	8	0.5249343832021	2	2
20kmE612N170	Secchi_m	15	1	3	m	3,4,5,6,7,8	arithmetic	-	9999	3	5	9	14	0.6	1	2
20kmE612N232	DO_mg	5.55666666666667	3	3	mg/l	5,6,7,8,9,10	arithmetic	-	9999	1	2	4	8	0.719856028794241	2	2
20kmE612N232	NO23N_ug	17.1485383090798	7	1	µg/L	12,1,2	geometric	+	10	40	20	10	5	1.71485383090798	3	3
20kmE612N232	Secchi_m	4.70277777777778	18	3	m	3,4,5,6,7,8	arithmetic	-	9999	3	5	9	14	1.9137625516834	4	3
20kmE612N232	TP_ug	12.1237747070637	7	1	µg/L	12,1,2	geometric	+	10	16	11	7	5	1.73196781529481	4	3
20kmE614N170	DO_mg	7.08	1	3	mg/l	5,6,7,8,9,10	arithmetic	-	9999	1	2	4	8	0.564971751412429	2	2
20kmE614N170	Secchi_m	20	1	3	m	3,4,5,6,7,8	arithmetic	-	9999	3	5	9	14	0.45	1	1
20kmE614N174	DO_mg	7.81	1	3	mg/l	5,6,7,8,9,10	arithmetic	-	9999	1	2	4	8	0.512163892445583	2	2
20kmE614N174	Secchi_m	21	1	3	m	3,4,5,6,7,8	arithmetic	-	9999	3	5	9	14	0.428571428571429	1	1
20kmE614N176	DO_mg	6.05	1	3	mg/l	5,6,7,8,9,10	arithmetic	-	9999	1	2	4	8	0.661157024793388	2	2
20kmE614N176	Secchi_m	9.5	1	3	m	3,4,5,6,7,8	arithmetic	-	9999	3	5	9	14	0.947368421052632	2	2
20kmE614N178	DO_mg	7.09333333333333	3	3	mg/l	5,6,7,8,9,10	arithmetic	-	9999	1	2	4	8	0.56390977443609	2	2
20kmE614N178	Secchi_m	8	3	3	m	3,4,5,6,7,8	arithmetic	-	9999	3	5	9	14	1.125	3	3
20kmE614N232	DO_mg	0	2	3	mg/l	5,6,7,8,9,10	arithmetic	-	9999	1	2	4	8	Inf	5	5
20kmE614N232	NO23N_ug	17.4076946873603	8	1	µg/L	12,1,2	geometric	+	10	40	20	10	5	1.74076946873603	3	3
20kmE614N232	Secchi_m	8.0625	24	3	m	3,4,5,6,7,8	arithmetic	-	9999	3	5	9	14	1.11627906976744	3	3
20kmE614N232	TP_ug	13.1986494480221	8	1	µg/L	12,1,2	geometric	+	10	16	11	7	5	1.88552134971744	4	3
20kmE618N178	DO_mg	6.47	1	3	mg/l	5,6,7,8,9,10	arithmetic	-	9999	1	2	4	8	0.618238021638331	2	2
20kmE618N178	Secchi_m	14	1	3	m	3,4,5,6,7,8	arithmetic	-	9999	3	5	9	14	0.642857142857143	1	2
20kmE618N236	NO23N_ug	24.371658	1	1	µg/L	12,1,2	geometric	+	10	40	20	10	5	2.4371658	4	4
20kmE618N236	Secchi_m	7.5	3	3	m	3,4,5,6,7,8	arithmetic	-	9999	3	5	9	14	1.2	3	3
20kmE618N236	TP_ug	13.00898004	1	1	µg/L	12,1,2	geometric	+	10	16	11	7	5	1.85842572	4	3
20kmE622N178	DO_mg	6.745	2	3	mg/l	5,6,7,8,9,10	arithmetic	-	9999	1	2	4	8	0.593031875463306	2	2
20kmE622N178	Secchi_m	16.5	2	3	m	3,4,5,6,7,8	arithmetic	-	9999	3	5	9	14	0.545454545454546	1	2
20kmE624N176	DO_mg	5.7	1	3	mg/l	5,6,7,8,9,10	arithmetic	-	9999	1	2	4	8	0.701754385964912	2	2
20kmE624N176	Secchi_m	29	1	3	m	3,4,5,6,7,8	arithmetic	-	9999	3	5	9	14	0.310344827586207	1	1
20kmE624N240	DO_mg	6.985	2	3	mg/l	5,6,7,8,9,10	arithmetic	-	9999	1	2	4	8	0.572655690765927	2	2
20kmE624N240	NO23N_ug	5.2306367807824	4	1	µg/L	12,1,2	geometric	+	10	40	20	10	5	0.52306367807824	2	2
20kmE624N240	Secchi_m	10	13	3	m	3,4,5,6,7,8	arithmetic	-	9999	3	5	9	14	0.9	2	2
20kmE624N240	TP_ug	8.20073437166085	4	1	µg/L	12,1,2	geometric	+	10	16	11	7	5	1.17153348166584	3	3
20kmE626N176	DO_mg	6.39	1	3	mg/l	5,6,7,8,9,10	arithmetic	-	9999	1	2	4	8	0.625978090766823	2	2
20kmE626N176	Secchi_m	20	1	3	m	3,4,5,6,7,8	arithmetic	-	9999	3	5	9	14	0.45	1	1
20kmE626N240	DO_mg	8.925	2	3	mg/l	5,6,7,8,9,10	arithmetic	-	9999	1	2	4	8	0.448179271708683	1	1
20kmE626N240	NO23N_ug	14.5922697711954	4	1	µg/L	12,1,2	geometric	+	10	40	20	10	5	1.45922697711954	3	3
20kmE626N240	Secchi_m	10.4285714285714	7	3	m	3,4,5,6,7,8	arithmetic	-	9999	3	5	9	14	0.863013698630137	2	2
20kmE626N240	TP_ug	9.26976408733167	4	1	µg/L	12,1,2	geometric	+	10	16	11	7	5	1.32425201247595	3	3
20kmE628N176	DO_mg	6.23	1	3	mg/l	5,6,7,8,9,10	arithmetic	-	9999	1	2	4	8	0.642054574638844	2	2
20kmE628N176	Secchi_m	18	1	3	m	3,4,5,6,7,8	arithmetic	-	9999	3	5	9	14	0.5	1	1
20kmE632N174	DO_mg	7.62	1	3	mg/l	5,6,7,8,9,10	arithmetic	-	9999	1	2	4	8	0.5249343832021	2	2
20kmE632N174	Secchi_m	21	1	3	m	3,4,5,6,7,8	arithmetic	-	9999	3	5	9	14	0.428571428571429	1	1
20kmE632N244	DO_mg	9.16	1	3	mg/l	5,6,7,8,9,10	arithmetic	-	9999	1	2	4	8	0.436681222707424	1	1
20kmE632N244	Secchi_m	12.6428571428571	7	3	m	3,4,5,6,7,8	arithmetic	-	9999	3	5	9	14	0.711864406779661	2	2
20kmE634N244	DO_mg	6.145	2	3	mg/l	5,6,7,8,9,10	arithmetic	-	9999	1	2	4	8	0.65093572009764	2	2
20kmE634N244	NO23N_ug	7.78380869637941	4	1	µg/L	12,1,2	geometric	+	10	40	20	10	5	0.778380869637941	2	2
20kmE634N244	Secchi_m	10.75	12	3	m	3,4,5,6,7,8	arithmetic	-	9999	3	5	9	14	0.837209302325581	2	2
20kmE634N244	TP_ug	7.9798545664207	4	1	µg/L	12,1,2	geometric	+	10	16	11	7	5	1.13997922377439	3	3
20kmE636N174	DO_mg	7.25	1	3	mg/l	5,6,7,8,9,10	arithmetic	-	9999	1	2	4	8	0.551724137931034	2	2
20kmE636N174	Secchi_m	22	1	3	m	3,4,5,6,7,8	arithmetic	-	9999	3	5	9	14	0.409090909090909	1	1
20kmE636N244	DO_mg	4.07	2	3	mg/l	5,6,7,8,9,10	arithmetic	-	9999	1	2	4	8	0.982800982800983	2	2
20kmE636N244	NO23N_ug	4.5614003433263	6	1	µg/L	12,1,2	geometric	+	10	40	20	10	5	0.45614003433263	1	1
20kmE636N244	Secchi_m	9.3	15	3	m	3,4,5,6,7,8	arithmetic	-	9999	3	5	9	14	0.967741935483871	2	2
20kmE636N244	TP_ug	6.83231849844591	6	1	µg/L	12,1,2	geometric	+	10	16	11	7	5	0.976045499777987	2	2
20kmE638N176	DO_mg	7.01	1	3	mg/l	5,6,7,8,9,10	arithmetic	-	9999	1	2	4	8	0.570613409415121	2	2
20kmE638N176	Secchi_m	19	1	3	m	3,4,5,6,7,8	arithmetic	-	9999	3	5	9	14	0.473684210526316	1	1
20kmE640N176	DO_mg	7.16	1	3	mg/l	5,6,7,8,9,10	arithmetic	-	9999	1	2	4	8	0.558659217877095	2	2
20kmE640N176	Secchi_m	17	1	3	m	3,4,5,6,7,8	arithmetic	-	9999	3	5	9	14	0.529411764705882	1	2
20kmE642N176	DO_mg	6.49	1	3	mg/l	5,6,7,8,9,10	arithmetic	-	9999	1	2	4	8	0.61633281972265	2	2
20kmE642N176	Secchi_m	13	1	3	m	3,4,5,6,7,8	arithmetic	-	9999	3	5	9	14	0.692307692307692	2	2
20kmE642N244	DO_mg	6.03	3	3	mg/l	5,6,7,8,9,10	arithmetic	-	9999	1	2	4	8	0.66334991708126	2	2
20kmE642N244	NO23N_ug	5.31625576611695	6	1	µg/L	12,1,2	geometric	+	10	40	20	10	5	0.531625576611696	2	2
20kmE642N244	Secchi_m	9.796875	16	3	m	3,4,5,6,7,8	arithmetic	-	9999	3	5	9	14	0.91866028708134	2	2
20kmE642N244	TP_ug	4.90187964437781	6	1	µg/L	12,1,2	geometric	+	10	16	11	7	5	0.700268520625402	1	2
20kmE644N178	DO_mg	6.575	2	3	mg/l	5,6,7,8,9,10	arithmetic	-	9999	1	2	4	8	0.608365019011407	2	2
20kmE644N178	Secchi_m	10	2	3	m	3,4,5,6,7,8	arithmetic	-	9999	3	5	9	14	0.9	2	2
20kmE644N180	DO_mg	5.84	1	3	mg/l	5,6,7,8,9,10	arithmetic	-	9999	1	2	4	8	0.684931506849315	2	2
20kmE644N180	Secchi_m	11	1	3	m	3,4,5,6,7,8	arithmetic	-	9999	3	5	9	14	0.818181818181818	2	2
20kmE644N244	NO23N_ug	13.363008432942	2	1	µg/L	12,1,2	geometric	+	10	40	20	10	5	1.3363008432942	3	3
20kmE644N244	Secchi_m	11	6	3	m	3,4,5,6,7,8	arithmetic	-	9999	3	5	9	14	0.818181818181818	2	2
20kmE644N244	TP_ug	7.71862171660635	2	1	µg/L	12,1,2	geometric	+	10	16	11	7	5	1.10266024522948	3	3
20kmE646N180	DO_mg	6.16	1	3	mg/l	5,6,7,8,9,10	arithmetic	-	9999	1	2	4	8	0.649350649350649	2	2
20kmE646N180	Secchi_m	1.5	1	3	m	3,4,5,6,7,8	arithmetic	-	9999	3	5	9	14	6	5	5
20kmE646N182	DO_mg	6.39	1	3	mg/l	5,6,7,8,9,10	arithmetic	-	9999	1	2	4	8	0.625978090766823	2	2
20kmE646N182	Secchi_m	29	1	3	m	3,4,5,6,7,8	arithmetic	-	9999	3	5	9	14	0.310344827586207	1	1
20kmE646N184	DO_mg	7.1	2	3	mg/l	5,6,7,8,9,10	arithmetic	-	9999	1	2	4	8	0.563380281690141	2	2
20kmE646N184	Secchi_m	16.75	2	3	m	3,4,5,6,7,8	arithmetic	-	9999	3	5	9	14	0.537313432835821	1	2
20kmE648N186	DO_mg	6.565	2	3	mg/l	5,6,7,8,9,10	arithmetic	-	9999	1	2	4	8	0.609291698400609	2	2
20kmE648N186	Secchi_m	10.8333333333333	3	3	m	3,4,5,6,7,8	arithmetic	-	9999	3	5	9	14	0.830769230769231	2	2
20kmE648N240	DO_mg	8.4	1	3	mg/l	5,6,7,8,9,10	arithmetic	-	9999	1	2	4	8	0.476190476190476	1	1
20kmE648N240	NO23N_ug	5.27373903014553	4	1	µg/L	12,1,2	geometric	+	10	40	20	10	5	0.527373903014553	2	2
20kmE648N240	Secchi_m	13.9545454545455	11	3	m	3,4,5,6,7,8	arithmetic	-	9999	3	5	9	14	0.644951140065147	2	2
20kmE648N240	TP_ug	4.17467279645358	4	1	µg/L	12,1,2	geometric	+	10	16	11	7	5	0.596381828064798	1	2
20kmE648N242	DO_mg	4.29	2	3	mg/l	5,6,7,8,9,10	arithmetic	-	9999	1	2	4	8	0.932400932400932	2	2
20kmE648N242	NO23N_ug	9.67010095026569	4	1	µg/L	12,1,2	geometric	+	10	40	20	10	5	0.967010095026569	2	2
20kmE648N242	Secchi_m	12.3125	16	3	m	3,4,5,6,7,8	arithmetic	-	9999	3	5	9	14	0.730964467005076	2	2
20kmE648N242	TP_ug	8.2231716110649	4	1	µg/L	12,1,2	geometric	+	10	16	11	7	5	1.1747388015807	3	3
20kmE650N186	DO_mg	6.68	2	3	mg/l	5,6,7,8,9,10	arithmetic	-	9999	1	2	4	8	0.598802395209581	2	2
20kmE650N186	Secchi_m	19	2	3	m	3,4,5,6,7,8	arithmetic	-	9999	3	5	9	14	0.473684210526316	1	1
20kmE650N242	DO_mg	6.6875	4	3	mg/l	5,6,7,8,9,10	arithmetic	-	9999	1	2	4	8	0.598130841121495	2	2
20kmE650N242	NO23N_ug	16.9365155003145	12	1	µg/L	12,1,2	geometric	+	10	40	20	10	5	1.69365155003145	3	3
20kmE650N242	Secchi_m	7.09210526315789	19	3	m	3,4,5,6,7,8	arithmetic	-	9999	3	5	9	14	1.26901669758813	3	3
20kmE650N242	TP_ug	26.3593343013749	12	1	µg/L	12,1,2	geometric	+	10	16	11	7	5	3.76561918591071	5	4
20kmE652N186	DO_mg	6.15	1	3	mg/l	5,6,7,8,9,10	arithmetic	-	9999	1	2	4	8	0.650406504065041	2	2
20kmE652N186	Secchi_m	3.75	2	3	m	3,4,5,6,7,8	arithmetic	-	9999	3	5	9	14	2.4	4	4
20kmE656N186	DO_mg	6.3	1	3	mg/l	5,6,7,8,9,10	arithmetic	-	9999	1	2	4	8	0.634920634920635	2	2
20kmE656N186	Secchi_m	20	1	3	m	3,4,5,6,7,8	arithmetic	-	9999	3	5	9	14	0.45	1	1
20kmE658N186	DO_mg	6.86	1	3	mg/l	5,6,7,8,9,10	arithmetic	-	9999	1	2	4	8	0.583090379008746	2	2
20kmE658N186	Secchi_m	7.5	2	3	m	3,4,5,6,7,8	arithmetic	-	9999	3	5	9	14	1.2	3	3
20kmE658N188	DO_mg	6.57	1	3	mg/l	5,6,7,8,9,10	arithmetic	-	9999	1	2	4	8	0.60882800608828	2	2
20kmE658N188	Secchi_m	6.5	2	3	m	3,4,5,6,7,8	arithmetic	-	9999	3	5	9	14	1.38461538461538	3	3
20kmE658N190	Secchi_m	7	1	3	m	3,4,5,6,7,8	arithmetic	-	9999	3	5	9	14	1.28571428571429	3	3
20kmE658N240	DO_mg	0.605	2	3	mg/l	5,6,7,8,9,10	arithmetic	-	9999	1	2	4	8	6.61157024793388	5	5
20kmE658N240	NO23N_ug	5.9003627995758	4	1	µg/L	12,1,2	geometric	+	10	40	20	10	5	0.59003627995758	2	2
20kmE658N240	Secchi_m	8.75	16	3	m	3,4,5,6,7,8	arithmetic	-	9999	3	5	9	14	1.02857142857143	3	3
20kmE658N240	TP_ug	5.19902290266013	4	1	µg/L	12,1,2	geometric	+	10	16	11	7	5	0.742717557522876	2	2
20kmE660N186	DO_mg	6.17	1	3	mg/l	5,6,7,8,9,10	arithmetic	-	9999	1	2	4	8	0.648298217179903	2	2
20kmE660N186	Secchi_m	10	1	3	m	3,4,5,6,7,8	arithmetic	-	9999	3	5	9	14	0.9	2	2
20kmE660N188	DO_mg	6.17	1	3	mg/l	5,6,7,8,9,10	arithmetic	-	9999	1	2	4	8	0.648298217179903	2	2
20kmE660N188	Secchi_m	8	1	3	m	3,4,5,6,7,8	arithmetic	-	9999	3	5	9	14	1.125	3	3
20kmE660N190	DO_mg	6.09	1	3	mg/l	5,6,7,8,9,10	arithmetic	-	9999	1	2	4	8	0.656814449917898	2	2
20kmE660N190	Secchi_m	14	1	3	m	3,4,5,6,7,8	arithmetic	-	9999	3	5	9	14	0.642857142857143	1	2
20kmE660N192	DO_mg	6.58	2	3	mg/l	5,6,7,8,9,10	arithmetic	-	9999	1	2	4	8	0.60790273556231	2	2
20kmE660N192	Secchi_m	6.25	2	3	m	3,4,5,6,7,8	arithmetic	-	9999	3	5	9	14	1.44	3	3
20kmE662N182	DO_mg	6.59	2	3	mg/l	5,6,7,8,9,10	arithmetic	-	9999	1	2	4	8	0.606980273141123	2	2
20kmE662N182	Secchi_m	18	2	3	m	3,4,5,6,7,8	arithmetic	-	9999	3	5	9	14	0.5	1	1
20kmE662N190	DO_mg	5.97	1	3	mg/l	5,6,7,8,9,10	arithmetic	-	9999	1	2	4	8	0.670016750418761	2	2
20kmE662N190	Secchi_m	7.5	2	3	m	3,4,5,6,7,8	arithmetic	-	9999	3	5	9	14	1.2	3	3
20kmE662N242	DO_mg	9.28	1	3	mg/l	5,6,7,8,9,10	arithmetic	-	9999	1	2	4	8	0.431034482758621	1	1
20kmE662N242	NO23N_ug	5.86778763063175	2	1	µg/L	12,1,2	geometric	+	10	40	20	10	5	0.586778763063175	2	2
20kmE662N242	Secchi_m	9	5	3	m	3,4,5,6,7,8	arithmetic	-	9999	3	5	9	14	1	2	2
20kmE662N242	TP_ug	3.71685144	2	1	µg/L	12,1,2	geometric	+	10	16	11	7	5	0.530978777142857	1	2
20kmE666N240	NO23N_ug	2.4581658736977	2	1	µg/L	12,1,2	geometric	+	10	40	20	10	5	0.24581658736977	1	1
20kmE666N240	Secchi_m	9	2	3	m	3,4,5,6,7,8	arithmetic	-	9999	3	5	9	14	1	2	2
20kmE666N240	TP_ug	3.9786517672622	2	1	µg/L	12,1,2	geometric	+	10	16	11	7	5	0.5683788238946	1	2
20kmE666N242	DO_mg	7.3725	4	3	mg/l	5,6,7,8,9,10	arithmetic	-	9999	1	2	4	8	0.542556798914886	2	2
20kmE666N242	NO23N_ug	2.41974508507798	8	1	µg/L	12,1,2	geometric	+	10	40	20	10	5	0.241974508507798	1	1
20kmE666N242	Secchi_m	11.2613636363636	22	3	m	3,4,5,6,7,8	arithmetic	-	9999	3	5	9	14	0.799192734611504	2	2
20kmE666N242	TP_ug	3.29904769040361	8	1	µg/L	12,1,2	geometric	+	10	16	11	7	5	0.471292527200516	1	1
20kmE674N246	DO_mg	7.94	2	3	mg/l	5,6,7,8,9,10	arithmetic	-	9999	1	2	4	8	0.503778337531486	2	2
20kmE674N246	NO23N_ug	4.42923657964792	4	1	µg/L	12,1,2	geometric	+	10	40	20	10	5	0.442923657964792	1	1
20kmE674N246	Secchi_m	7.25	6	3	m	3,4,5,6,7,8	arithmetic	-	9999	3	5	9	14	1.24137931034483	3	3
20kmE674N246	TP_ug	3.58856322787203	4	1	µg/L	12,1,2	geometric	+	10	16	11	7	5	0.512651889696005	1	2
20kmE674N248	DO_mg	5.03	3	3	mg/l	5,6,7,8,9,10	arithmetic	-	9999	1	2	4	8	0.795228628230616	2	2
20kmE674N248	NO23N_ug	2.79977541678152	8	1	µg/L	12,1,2	geometric	+	10	40	20	10	5	0.279977541678152	1	1
20kmE674N248	Secchi_m	8.9375	20	3	m	3,4,5,6,7,8	arithmetic	-	9999	3	5	9	14	1.00699300699301	3	3
20kmE674N248	TP_ug	3.0374740343032	8	1	µg/L	12,1,2	geometric	+	10	16	11	7	5	0.433924862043314	1	1
20kmE678N248	NO23N_ug	4.21648554247636	3	1	µg/L	12,1,2	geometric	+	10	40	20	10	5	0.421648554247636	1	1
20kmE678N248	Secchi_m	7.66666666666667	9	3	m	3,4,5,6,7,8	arithmetic	-	9999	3	5	9	14	1.17391304347826	3	3
20kmE678N248	TP_ug	3.17786327988532	3	1	µg/L	12,1,2	geometric	+	10	16	11	7	5	0.453980468555046	1	1
20kmE680N250	DO_mg	8.59	1	3	mg/l	5,6,7,8,9,10	arithmetic	-	9999	1	2	4	8	0.465657741559953	1	1
20kmE680N250	NO23N_ug	0.840402	1	1	µg/L	12,1,2	geometric	+	10	40	20	10	5	0.0840402	1	1
20kmE680N250	Secchi_m	8	6	3	m	3,4,5,6,7,8	arithmetic	-	9999	3	5	9	14	1.125	3	3
20kmE680N250	TP_ug	3.24855556467164	2	1	µg/L	12,1,2	geometric	+	10	16	11	7	5	0.464079366381663	1	1
20kmE682N252	DO_mg	8.81	1	3	mg/l	5,6,7,8,9,10	arithmetic	-	9999	1	2	4	8	0.454029511918275	1	1
20kmE682N252	NO23N_ug	5.85607379792741	2	1	µg/L	12,1,2	geometric	+	10	40	20	10	5	0.585607379792741	2	2
20kmE682N252	Secchi_m	4.5	4	3	m	3,4,5,6,7,8	arithmetic	-	9999	3	5	9	14	2	4	3
20kmE682N252	TP_ug	4.17858894488009	2	1	µg/L	12,1,2	geometric	+	10	16	11	7	5	0.596941277840013	1	2
20kmE684N252	Chla_ug	0	2	2	µg/L	3,4,5	geometric	+	10	4	2	1	0.5	0	1	1
20kmE684N252	DO_mg	7.39	1	3	mg/l	5,6,7,8,9,10	arithmetic	-	9999	1	2	4	8	0.54127198917456	2	2
20kmE684N252	Secchi_m	5.95	6	3	m	3,4,5,6,7,8	arithmetic	-	9999	3	5	9	14	1.51260504201681	3	3
20kmE686N258	Chla_ug	0	4	2	µg/L	3,4,5	geometric	+	10	4	2	1	0.5	0	1	1
20kmE686N258	DO_mg	8.385	2	3	mg/l	5,6,7,8,9,10	arithmetic	-	9999	1	2	4	8	0.477042337507454	1	1
20kmE686N258	Secchi_m	5.95789473684211	19	3	m	3,4,5,6,7,8	arithmetic	-	9999	3	5	9	14	1.51060070671378	3	3
